405.77084193618526,295.27757875516147,-35.42155240653232,8.946472654938106,0.5899392502022176
467.9899243519768,340.7843486053627,-45.73644746424579,8.619309502595556,0.611994231607524
398.44687115040324,290.5235576684755,-40.72155860359392,6.445136894576807,0.7742746820607257
276.52182310001905,205.7921307259144,-29.179812623283656,5.774290887630407,0.640866187270096
542.2485718387918,402.23594115954734,-58.29682857826617,8.213137491052642,0.6385478806184628
488.8744550162639,363.46709954871795,-43.157638051604444,5.763535562446738,0.7620412735425537
698.1639861500149,508.3412558156728,-70.48452393870892,7.924266091653235,0.687418398596378
265.56047432204946,196.01457706469498,-23.91461226942458,8.250018466158759,0.5988232582769415
638.2012832949815,476.254151287179,-59.90627461599969,5.9359533469790975,0.6718648687259992
-223.0319710962032,-157.46615550282692,357.16542607607187,8.434112148134858,0.7396526314390941
-186.43959973876255,-128.10563084157172,294.61691269330237,8.155287158041268,0.6687120082168458
-147.5111924806864,-100.02020366777074,230.94544480284418,8.37757665060337,0.4314605432693568
-175.052883992121,-122.49368938294836,284.5341038740256,7.52514323293651,0.4
-230.36741728332754,-159.31396202531587,366.5018657988053,9.55804513673749,0.6456237325767682
242.1441314113431,-119.7226297962498,-86.41379309876591,8.577994794628289,0.737792229810583
539.2613832619976,-267.689728034192,-193.02642509080778,7.717892305244715,0.6606250687472828
398.65695518319137,-194.081827144382,-144.73042476399058,7.924978313713543,0.42603424354228314
230.0564182345775,-112.06880690323484,-81.69137239857456,8.813687384709281,0.7256265064528432
808.7799668092657,-400.76708267143914,-286.11428282248886,7.329149324661303,0.4921388407954161
788.07578548562,-394.32256337257985,-280.9229952059827,8.494580355138346,0.6751305713856481
593.644775567341,-287.3061665318699,-213.3512698330221,4.651452904824837,0.7178315395968506
537.2803061087459,-257.6605320434459,-189.3600464294957,8.788924409888272,0.6453964055354605
765.8104314035389,-381.1072806495074,-269.81505318544225,9.139029680227473,0.7353494448187361
518.7838845736889,-256.28042252827606,-187.52351920855645,8.8000030018918,0.7708746730105367
677.1073146013234,-329.36688392301824,-235.90115558052153,8.404531200458909,0.6446917577927362
493.3497576098907,-244.94868593442894,-176.14708396467623,8.083897032759376,0.6322537752934072
504.8174474075124,-244.39210932923595,-184.01717335773353,8.649111941733114,0.5520454780569237
576.4669958644512,426.1714410100178,-62.652098308513914,7.942491940505935,0.6275316441451559
168.19033491265267,124.80414702529396,-15.791679811170578,5.637550351563617,0.5740876250011614
613.2044393819561,456.23031351055135,-59.113827962033234,8.542525418778412,0.8266168086421215
688.3868438932891,507.7251692433389,-73.37081736262299,8.340044637995641,0.503749370372399
294.84144125885217,218.4644528050378,-26.36589829682013,8.40997965582514,0.7547756410683824
449.4424999449022,328.6659634028819,-46.660650014033145,7.812724956901652,0.4353869181419164
683.7050928969302,497.4015974598866,-71.45991794112902,8.814371373420517,0.6682448932898383
801.9342103065331,586.9316738381162,-72.15098534063323,8.946654284420086,0.8631130965791239
618.2183290225568,465.2153268829291,-66.92561639437656,7.625998829841876,0.44686758249792485
467.058225179805,346.26536264629135,-42.0312924774253,7.788104095115732,0.7873273614319047
465.1445965821031,350.1224835640154,-42.55162537951268,7.729846708122965,0.6863229351244868
641.6697621765621,466.87914385524914,-69.12937179856229,8.30605854773271,0.45170161299588973
473.4141811607742,347.24667071572964,-43.48768324152664,7.366905773355766,0.6998742674962715
730.5427863682338,544.0915787453624,-68.5894521972299,7.3964896450481055,0.9611638122833775
615.1879073737848,456.9396689650994,-58.957222764721244,7.009241520455426,0.46080305604296784
755.833699817051,567.8185445164099,-76.579408127343,7.68551891085136,0.511125263845735
410.49324529221207,306.7232709871236,-37.408253814196854,8.632260065358532,0.4433567461924404
589.2317462882429,432.8653046998137,-60.131040521890206,5.449720057579474,0.8211422603692414
508.42075028284916,381.2981395725388,-52.75068569549953,4.9572401290429795,0.43986457447267496
612.7483433212002,455.6948204861857,-54.83323885370497,7.683413066296064,0.5514011525545053
346.5825269241227,260.6611425513906,-32.25538894035146,8.454898931459836,0.674098068924333
790.0231362883675,580.2438854136873,-79.18210162732016,8.185049952146446,0.773363900378129
465.05797754464237,350.24268793823217,-42.50914156848028,6.858498328422803,0.6943018687151488
563.5608645743157,412.5142908535575,-55.81137807684386,7.627683122881478,0.5886211269413922
533.4271880136768,388.90918512967045,-50.25809560257287,8.007264652260252,0.4618780826044072
-728.7216618646536,412.81746960391007,31.64914209014801,5.503727005744991,0.750601248944574
-539.395114254933,308.6900489134209,22.150311414011277,7.059617490350347,0.6467269862099734
-322.31623950507293,182.47876865155558,12.154181943697832,6.243982258888522,0.5927520591457206
-360.03435746757185,208.9803606068153,16.872870163613825,7.9348675814900345,0.6590439576670919
-310.6707575379485,178.70114675018834,11.046513520783112,7.573715490349395,0.48768375937693326
-393.274234853681,221.648844435904,14.929558649879903,5.002361681721157,0.5285205651371663
-454.3547110245724,257.96672492390366,17.177719459005274,8.802387889721476,0.5420895022948227
-633.9906537387042,368.4747428465685,32.130092936773664,5.436505025312521,0.8941260950043912
-609.2371396825764,347.433481377819,29.57946710272919,4.342671362269242,0.512019561214495
-640.3537892739491,374.1611929350588,22.941192817907233,7.901448390322306,1.0
-646.8789797805498,371.1372007510655,22.28976582960061,8.410112277804895,0.6109326081333069
-303.0316986261824,173.91242932047575,10.883480857752744,4.58256217205691,0.4613280491324524
-511.8825988578054,296.2363882993364,22.110505623884816,9.271404297800709,0.5362858553835251
-446.0137551094177,255.9287057353717,23.144596557597843,9.230262455545295,0.4
-308.22938942661074,-211.50962659590607,495.42143754076596,6.521974355042345,0.6171525252679442
-321.55052215963434,-221.4239248637869,511.7195330576922,7.184699361145967,0.6163851520204543
-503.72553266316356,-345.5759304583798,795.2582448840361,8.274758091523674,0.5969004354375027
-237.16460736109207,-163.252810671809,372.2266140659659,3.9702967104773066,0.44070370926578223
-308.1886024694898,-211.35320034971366,482.94356135974795,6.291365549991414,0.8265391310117409
-130.02026357315572,-90.30803866207344,210.6290302460147,5.89333202334277,0.52989249132723
-179.42394357271334,-123.81836035327755,284.39541312799275,6.936881046247466,0.46703956098766186
-374.78508917700816,-255.09772968825072,588.2687472979355,6.8767929697486645,0.6411683525174334
-222.66581372469514,-159.62357462424868,358.9471701497259,7.172690297959387,0.4
-456.0858567896842,-320.030800467813,720.4409646128894,6.849859792856032,0.9098233684963051
-275.4612715560696,-196.69309912151724,436.8125440686042,6.672213068777893,0.4730868426817646
-170.12957387720132,-115.40184377028393,267.7079447883101,8.901589559430553,0.6006721045979339
-374.0443699395538,-268.18246720436144,593.0353592845066,8.21868709055237,0.621271232397952
-490.76960227292346,-343.1572547576737,780.516163651371,5.376201760870394,0.5552448652346192
-404.398795478502,-286.15241954528216,656.8171441222569,6.6971905496805375,0.8433563000968025
-400.30715534396114,-278.8153823981582,651.2429226752446,7.09824686943338,0.9141755656430115
-472.42741598178316,-320.61293936586816,760.2433570304667,8.834611741098458,0.8829710942653326
-414.44699593595084,-280.34766241764623,646.7801013950781,8.85623364402385,0.732424456287825
-169.16604133373002,-121.16138538041318,269.54895576160874,8.20553962525423,0.5758068529420219
-473.58857646547284,-339.81242990487425,763.7302250955844,7.708318428261621,0.5300959245267935
-408.4640360755901,-283.19967811178014,640.4857468751535,7.356412475262374,0.5943841795937084
-377.2686148437278,-263.32427030349413,600.7528084761879,6.021849425465714,1.0
523.3416467650911,-255.38737708541376,-185.79509113707869,6.972933830823169,0.5393745313802145
748.8390986218631,-368.7651543379106,-272.186226988679,9.43728973729656,0.808891241214704
467.9858819291658,-231.23273496271474,-167.8718029379673,8.24812785776616,0.44501844158721215
693.6108468568584,-340.45631559277683,-239.8463410592357,7.102359538684727,0.5654856838245085
881.6362322431958,-426.46274788088954,-315.0817650482215,8.761850888565833,0.8959733343848043
536.6871478803276,-259.9198305382376,-194.51825136488642,8.596092944416059,0.6282255625039204
362.65012567576605,-176.57411320923688,-125.58726526094397,8.907185192786564,0.46287397622372384
801.3415771654344,-386.6721362388526,-283.73499213614133,8.475090183286724,0.5135011788642695
599.3906660718505,-293.62722370607474,-214.79391026890397,7.472743560837174,0.7956216081459471
596.4608083130266,-288.67693049986553,-216.651279340203,8.621709800862432,0.8836830892684635
583.8266816282209,-289.9276720323711,-211.08911115893682,6.237161369234482,0.588011580597869
659.005099531761,-320.14970305341427,-227.20145697363932,8.285283630720187,1.0
800.2051024829661,-384.75263348466524,-282.97823023660385,7.853501278273421,1.0
739.8384461859021,-361.1342800057286,-262.0669567762676,9.015888524137237,0.5803586323910104
641.137183172222,-316.1248336118447,-223.96207698597536,8.577443289985752,0.5220310280747037
440.6685061329529,-216.97217722558548,-152.62159290723142,9.219750945752196,0.702434158143356
400.326803236724,-199.0753322259923,-139.6840847962862,9.216388069072249,0.6864962871394504
404.48584460255154,-195.0019823597245,-140.14173823646624,8.010917861919111,0.40166666281185176
823.4719091361368,-395.802010877076,-290.9783113744893,6.485530321840145,1.0
792.1546295107162,-395.5597951904044,-277.55828875150786,7.563980737670305,0.8135911670979781
675.1979989985628,496.0204858162188,-67.4431040431804,9.55835899551114,0.5910318855768878
504.12614961144607,376.2807596136211,-45.28624320402651,7.12808381393797,0.5675771460110832
450.4188009717121,334.8749455070519,-40.87006978039393,7.259762202942346,0.5844686405774128
495.7734728533687,361.571155994682,-50.58646035827545,7.330394216578947,0.4378435210341852
666.1487578006695,488.86184523998327,-60.98012408304569,9.981948235839717,0.6961418675662016
454.5106117047193,331.5690037720613,-49.137528086022826,8.899473273301004,0.6051925665794096
461.39055066905195,346.99878942891104,-40.69858613243485,8.250401896761453,0.6503134964872054
449.0097374983329,328.56270628115334,-38.91089464253671,6.642805132319661,0.5691680696560126
696.5915470343715,506.5309303666157,-74.44256975139749,7.745933481093996,0.8964997946774358
590.5502155386001,434.5393399832537,-59.54103289523372,5.233979780901014,0.663004353161401
689.1181623166718,508.48394322011137,-59.95420670494755,7.970284592432327,0.47120610861881534
210.8184569858887,154.0881395898211,-21.166948004774092,9.060808185069103,0.5865814986959484
466.56245130967915,350.84739285073965,-48.17102870753361,8.755134497308196,0.4057520427364174
613.20588054822,447.54886739942,-60.684888980524725,7.678648699824987,0.6739108076327787
393.7184630911583,286.9276052269392,-39.79649708039529,8.12630162065928,0.6987202285347
687.2575508663654,509.53208435257005,-71.44113694847385,8.822325526184517,0.8804114715024444
550.2113661327223,410.008591978414,-58.373739114793146,7.7418099752726475,0.7952137430194737
449.94884363322524,328.58667384160896,-42.07821212731759,8.258882927816956,0.4172905715506171
-282.1610568637837,159.8870935505394,11.92788034286343,7.261560574700134,0.6390254435544154
-414.84380630708966,241.96069106975494,20.880037396817087,8.784128067835862,0.6678736574903983
-161.04555435809493,91.59929269754805,6.025499133086636,7.3560242733028645,0.5679231896740221
-800.3943280816299,456.8208450754553,34.2813056971744,6.871101330204526,0.5302898778056795
-592.4543233911785,336.31908603241834,30.532579802887682,8.121380330650704,0.9263479503413261
-414.00679818140367,233.55861888363955,18.5981841519343,7.444280402105815,0.7856748725106639
-794.8617080707594,465.83319327930764,40.811581469457984,7.041377276660114,0.8860336715980888
-773.6781352416895,444.5828097839461,39.2955440546815,9.001274616367173,0.616793124572977
-370.3590758265958,215.10075785940566,17.412990472036327,8.536645708049223,0.4
-546.8635428962098,315.62357483481225,24.431258328197654,6.13635144399017,0.4677480415103139
-606.7180784812427,347.6347206072316,31.420946395051967,2.180078130059692,0.5609069173823741
-639.6780288579625,363.00739961110287,27.27547016967219,7.855419542944548,0.4472675045098396
-500.16222141904177,284.7128750783107,18.667039369212176,7.672531807601064,0.5210974057021256
-360.9737542373265,211.4973957934112,14.845504821843955,8.80568830382145,0.5915997927545846
-443.93969952092556,253.81390173337087,19.493973226439834,8.908136165663354,0.8223459991094432
-463.86498307469594,267.1579224777593,22.505252175426946,8.514137713467326,0.6709490542506797
-554.7619306766126,322.11353143496666,22.554303080611998,7.176768345816861,0.7842005683967288
-634.4896093630326,369.4978790395074,33.367244591841185,8.463755571718844,0.7149331334460497
-304.3536192199344,175.58312981600596,11.570332395518594,6.525844637675082,0.5160702215174595
-529.6285501581871,301.3545065032268,24.66333042258073,7.643235174414704,0.48319990366217463
-303.1949111869129,173.2055057201997,16.210949002752397,7.33688548002459,0.7134907982450993
-610.4263948283019,345.6629727251548,25.63596584353628,8.084040951257522,0.5915711213924848
-306.77222871474476,178.64633752005065,13.66249981008077,8.950818928868431,0.548895305364083
-847.560101260289,496.64349760777117,42.739553525608706,8.84225626630695,0.6312463994206462
-752.225815745819,439.4367890770291,41.240048923445485,6.424540391541006,1.0
-658.3754829655812,376.40510223431625,31.423929445751273,9.200088270171033,0.5913249866216149
-799.709762103666,466.3203694053056,29.884743160975532,8.80110102640216,0.49250934623386394
-320.28184201196405,-222.7945886694729,511.9151659220733,8.180095831182975,0.6868258495742606
-211.93803761793433,-144.15443562463508,332.17452139109344,7.1130140445446495,0.5572695492505658
-256.0016757938931,-182.27034458450694,408.74272843044383,9.814884082532974,0.4
-439.4043517700699,-304.1711517533708,712.6021874282682,6.450484432781969,1.0
-398.123553277764,-281.65002054885804,641.3399618504333,8.271410897288462,0.9629561304495553
-237.2157355271445,-169.9980914077745,381.8048537669863,7.181544340279659,0.6194078789673336
-396.77905810246625,-280.0006952235776,636.6173698027983,7.565390339821583,0.4276179722847132
-285.64605019518166,-205.0785187687878,462.006644934347,6.837280919778956,0.6840218666707129
-350.2739781376127,-247.5207017856244,572.8869238612479,6.3284461294477685,0.6897837021104307
-397.68843914951265,-280.6436683266927,642.0494294211014,7.209843149404355,0.4568454493751705
-379.2720264558594,-263.52537981563415,611.9734144528597,8.075764447998417,0.5741659324157099
-327.14670902730467,-231.6885225668769,530.1312387771369,8.141298024051112,1.0
-445.615481480833,-306.01027162667424,721.7425926322863,8.538418379573192,0.9387842603072857
-366.1766020748641,-261.5931044707632,594.5586901318112,8.580041329164759,0.6870124249645491
-360.2052506400574,-246.22945044151004,571.0728303348054,6.614189599059231,0.8839522764238759
-370.1487355369591,-251.5313740636526,585.1786372912472,8.392456303607032,0.8659121238425087
-283.9905857994531,-202.1152030919415,463.07121682996745,9.174967043300569,0.5668034750136126
-183.52603781335844,-127.88569783888923,295.3923893633518,6.196107834823425,0.5013905784888608
-469.0459407233865,-336.5409635134558,767.9566608659296,7.925643158314661,0.9551787761275405
-426.37550831573867,-298.6874203837731,672.8518278595835,8.951812526949395,0.9058015973344093
-321.7683487546414,-225.08570097350687,516.2706717962744,6.848792898002922,0.49229502066052344
-107.23841047118596,-76.37503630308238,175.5857243437412,8.30640697993466,0.6395634194825842
-466.5901411727925,-331.04824171006817,741.7618430776995,7.201843697098972,0.7830703170894581
-320.4107598699808,-219.24467347284903,518.3676228646282,7.843625879824138,0.5223300606807734
-228.58963486999562,-163.6269569130747,366.0796687844995,6.4166168474252805,0.6518999717003975
-292.8215039079974,-209.25789211527837,480.8229040359133,7.679829426545995,0.4407341454318092
-334.1752792472849,-231.81962714416852,533.2572839884494,8.15657335398095,0.4951769039549461
-382.3042087070248,-264.6065450806317,602.0700254201228,7.297383553988734,0.6423385853671834
-123.61133208410007,-85.75793036609072,195.25399361784912,6.512019863801725,0.5705743526597766
-234.59298350380988,-167.56790828097598,371.9221377306271,4.844759989506169,0.7211324158397774
-84.2386444749141,-59.561428118570895,134.42947624128175,5.235201284685694,0.9012868480896965
425.6481708543085,-206.33409889323116,-153.73920750185906,7.6380970567591975,0.613538731561817
542.4630721812634,-271.081794128853,-198.9751616849385,8.059236051122925,0.4496075420733485
432.2204539338922,-215.0835451765473,-156.0444790323206,8.518552191908997,0.4
460.40795198491196,-222.34739388671267,-158.62266896583856,8.544816756685696,0.908505246614446
501.8163182050375,-243.56312189071232,-183.7418288332583,7.564238781870801,0.5789715151392846
660.8039778875411,-322.50087392738385,-238.71640430660764,8.69238965953617,0.8924415092701817
595.9123063076008,-293.88955623122007,-217.60180947173333,7.668871617487737,0.4884170277408522
318.01187300083603,-153.25929069728141,-112.50973098566317,7.7740986143015665,0.6932768772305357
649.6760626443048,-325.60221088301296,-226.18726713961425,8.695553798299121,0.598203466135964
594.5239779247382,-295.8979631339435,-218.68453453943403,8.293927234955865,0.836018606570897
675.9429399355427,-324.95719082541973,-241.95563577264943,9.077287116635587,0.7999723123581062
318.9529550086346,-157.57633404222756,-113.80102200803039,6.287679719037305,0.857735746267819
346.0771692224283,-171.73627008217767,-123.08393463507748,6.044745826799593,0.6545523736878337
730.3682133465728,-352.5577165683035,-264.3181670961699,7.871668663526401,0.5828814379653815
689.1408044619596,-337.9721506706827,-252.5892857992128,6.897904176415004,0.8490829402060911
512.830042125344,-255.71999223613912,-188.54638540281493,5.058415754263029,0.6935543784248492
497.9100293791375,-243.18242045296412,-182.14043243141882,7.740430016389814,0.6129369929729381
457.87534563989306,-222.18763185839535,-162.77811993418118,7.78485520081491,0.4772336296002526
613.3068874324864,-307.43235535541777,-218.95576792698486,5.862501942072112,0.6162619451237195
342.4977965702502,-166.4262196266713,-124.03954204324715,6.450432261278039,0.5772803235830409
718.1462621104827,-347.59417507628757,-253.0216031997602,7.809616812908342,0.9510311896042165
318.4153189586482,-156.42350074854895,-110.27949551041232,6.486649553205222,0.6624659993591534
689.0234330568986,-340.5767233014015,-242.80918006691184,7.490765162061601,0.5164460516787603
720.2583763787536,-346.5360689098122,-258.35832524959534,8.899828723538635,0.4770841978851645
-431.92153324964573,252.61073900233993,18.977187356583244,8.037799286184763,0.5615660263879143
-460.03603751010917,267.8567707625964,21.40419990635695,8.951279757259908,0.5018435123459222
-461.1884911669018,267.75010533561124,22.82979334040482,6.703134574876524,0.46446818309998755
-808.5001289859954,462.25495730694524,41.21655390474748,7.7794151143401145,0.5355582847050222
-714.2553311671552,405.1889903760625,38.91717598084905,9.696549103881042,0.5780916255674793
-481.1101650901617,273.6782236341389,18.009890737577905,7.469515831248172,0.6242352261240226
-108.32897848166688,62.83667181119741,3.9967362698106963,6.978436324520508,0.6021270933930091
-727.2893378411349,423.5680624291631,28.486184047854476,8.933622413930927,0.6791094850215897
-384.75933783851804,220.37532334149856,15.370850080432948,4.9155570838432805,0.5928163788296182
-361.5967828712949,-246.5891464695114,581.3367914432798,6.346167365102081,0.7931655210486057
-340.2439291645999,-232.8100148727703,545.365193171122,8.298325610479132,0.5704511280335176
-216.84359325266408,-155.08283692703492,353.2377415564988,8.816378306661463,0.6139992564437028
-362.4830443092295,-246.7824480669534,579.4539109846395,8.208311605494478,0.7072871190073435
-142.15757775520638,-97.11979225618758,223.98854689221818,7.5656635866712065,0.45681031249083565
-201.29099788487522,-139.37620173032042,322.0498439104422,6.938660558417285,0.7001313797946309
-263.0406055566513,-179.12839986255375,410.75326841313296,8.388466065414576,0.8959249089573164
-340.9274037707688,-237.3708442540449,551.7461125918742,7.2526292184635075,0.4
-527.5311011082706,-373.5897970137626,841.094740520776,6.102068709016666,0.9522141896398335
-286.74863874892196,-204.68591517151717,456.4649963031544,5.410982200474679,0.7151874573578241
-132.54839336566192,-93.07890977088478,214.13449767154572,7.360584679840305,0.5022960570958274
-361.4623313081608,-249.64408902662646,571.3164396893678,7.751177504627933,0.704017372642866
-126.16711673718703,-86.50478425951769,198.36337605122404,6.739648828877147,0.4323487308417008
-378.9066699708972,-258.1188042045903,607.0051201172506,8.133871841264776,0.8574657112948816
595.5018745051835,-291.7474575334347,-218.39894315813274,8.282847364174454,0.7698766586224454
471.42743684820465,-231.28529192465396,-164.65079638756572,8.386558514935574,0.644707402674709
623.275644263784,-307.1557948431327,-224.20902155321153,8.286249117940315,0.5507242101789056
729.9200633593009,-350.9439410997279,-251.2640275406426,9.447231495425221,0.8001917306824247
857.2875683332098,-413.7329459829246,-299.23201844993525,8.842219294335031,0.7414101958148667
372.0526445452179,-182.58493482156524,-133.61433373375212,6.9239061921287295,0.6530890485635878
351.27139142972885,-169.5742151838839,-124.57397805236886,7.990051855759847,0.6347736673914275
257.4740527833139,-127.9117685685208,-91.11651719094876,8.095555643201218,0.9653828366090168
689.2069608886661,919.8196127481964,-605.4767083070719,8.266236352271735,0.554627996293482
-469.3453104923387,-77.1649497036393,903.2206160762082,7.837739568282639,0.7851411935051792
-385.9856904328187,-64.25546552017519,742.9935885913726,7.347487801447302,0.6022332468252831
-516.1951512883297,-82.28959597874731,991.5017451724797,8.215049026880527,0.7148037138820023
-566.3506804838913,-92.0973632016195,1088.9720373226955,7.353068299616219,0.45891538775841706
517.6000546681463,689.5184694016294,-453.6282141374877,9.41084214892646,0.5771947885406404
-444.8285446733024,-74.73809462974197,859.6275208361744,7.319863027158456,1.0
61.17350139139736,19.572206480353056,0.30968049201123643,5.696015462037635,0.5543822073376317
88.31731568711382,94.03423239386937,2.521068804783006,2.6323932732850603,0.4995945861806035
89.04641026346707,-51.50237304012155,-2.1434762481694385,7.446545550632569,0.7431938182625821
42.61182439210542,-11.475591930048635,-0.0105750353577563,6.102046648909686,0.4921778759716541
94.24159760261186,62.420671357425086,-0.47187773386439374,9.428417530138416,0.707605404137076
239.122400583662,-91.70603621965009,-1.6770688676738976,6.6007552594362355,0.6151242910317263
379.55748537041495,21.817179966059744,7.602207417309953,5.149005587688531,1.0
144.45394931947473,17.09851451076599,-1.4893715224041153,4.96443670236888,0.47132135173339906
82.21815515658028,-33.76618966829517,-1.2047812802363815,6.7101782058559465,0.5015074235105628
210.28237333525053,-153.90880882763537,0.741707322805622,6.091720065164706,0.8267002520057625
50.151644217186266,-60.8996940542129,1.6816499088791443,6.690143305291483,0.4497652827940845
82.65772619657638,7.823009857509185,-1.463699689528479,4.5082348302560185,0.5176962249204995
133.7866018471374,-97.6372689375637,-2.8339690558283115,5.99716158651524,0.5160571817062374
122.51168571067258,-115.18477267995404,2.1222410317126275,6.663331589054055,0.6841447082698149
148.13736118306292,-84.64850661688558,2.1329437990334403,4.320653803838409,0.5120413815651574
151.52547653415897,-77.6547543619355,2.246661096718164,8.490988028070811,0.7489343889814549
97.0383371347258,-71.29688294980217,2.471681162590985,7.051229443277558,0.411077308658729
232.96108341205942,-148.9898469306221,0.005202814980715074,7.716759766882185,0.6422627904972852
227.96641944513374,40.862980505067256,-0.29737116177193773,8.390700924258146,0.519508189973167
207.01087229169295,-224.9185425673466,2.1269843471641012,4.236831382570061,0.6755189489580709
71.38420547495326,36.04794076157303,-0.20512327945508152,7.363554611293246,0.476884008984719
129.8408380642605,116.034602163871,2.355922630874052,7.487099587223737,0.5475033431866844
79.5499452395792,-113.57099997605367,-2.3614776770422594,6.695092665666966,0.6890178019195323
93.26782896340781,-112.41037977703324,-1.2097515594792578,9.583792568392592,0.5375163791374398
80.4627958941372,-11.784940471281866,-1.192709095613953,7.012894993540216,0.5783587393891492
232.22449400771796,27.068524579939083,-1.2326231884123557,8.85077309891634,0.7533752438236727
254.07333483986804,35.52045493373346,-1.714731655065782,7.601686429198594,0.7276154355062641
238.63406496194824,58.15333972435026,-1.0754155666431011,7.543945903906421,0.6562043493143646
111.79999304412958,57.94036847134406,-1.4283405537384093,7.011846049144986,0.5898452836845393
212.03742380405782,-70.6697874433405,1.622389981303226,8.356144181842152,0.5275394198219195
100.3282045800463,-21.642639711851306,0.9039425022481844,9.101876154912635,0.6088171466853526
106.18569060810427,-55.17611031216637,1.051123636688762,7.435038324437718,0.6975291880632354
174.41055166289738,-46.65181020849462,1.6942765165136908,7.2741274751943505,0.49762174853240176
196.92604021858403,-7.616564008789121,-2.567242982000772,8.591010995336704,0.906464147081432
207.6209154696842,-96.99408001686324,0.09747416370025924,7.9433840993830955,0.5916756994559266
264.4456916902709,-0.8366265907178629,-5.772027581527869,7.888759487447381,0.6063126135219141
103.09321726812911,7.520559250726939,-0.7659254941794876,5.3276673160558925,0.6735575556575356
362.31480624052995,38.9804968751717,-1.7748640094326962,8.260985239246484,0.7791164074675312
204.0441826254613,25.241874195379488,0.4234664237313976,7.780092397994605,0.5579449837743848
133.49914178383543,120.45094098592536,-1.0890631682932659,8.04885571601873,0.45296827464132244
174.72206958922317,-96.44982663698663,2.4077873979797495,8.774821188449799,0.5431655327458164
138.745305964989,72.42586340757993,-2.4238981719874606,8.692311122047297,0.4579519224683366
114.78790918082865,-114.02930747632507,0.5412415020558999,9.481823367717688,0.5401934116406183
195.0061136046026,-76.65113253867325,0.2010904462635372,6.062547750349713,0.4
218.68254919954,103.10631875576199,-3.071450508470168,7.1907752639819495,0.4129113071735185
179.48686825228663,153.90599538874343,-3.2772409716695394,5.067434715958296,0.7626791840294782
216.2971348141029,67.76142852623035,2.7857988610767426,7.129304473294696,0.6403747108902278
246.0648082311376,-165.88045902034418,3.761896512851771,7.555170174521205,0.7635199063007485
201.5898561396351,-53.191835959182896,-3.570558624726702,8.677269725727315,0.6228599728210433
195.00960132700473,158.0296314617365,-4.3557514105371045,5.458691387397284,0.4636098211282719
249.48101751697254,17.515969434110872,3.5252111254964467,8.825201211927565,0.9169742242746638
115.68816494216529,-21.70517079493761,0.8821298526567434,8.410651890501097,0.7787711374174953
162.19371115681324,-148.16509537794695,3.57612539267126,8.924862520390612,0.6402780380430256
136.97225900732528,-58.61221692701317,2.681117179637703,8.776851407005903,0.6152308486285478
283.1021975981835,-49.291692037077944,-5.807857711834683,8.757191239386831,0.982367178063703
141.7029376841356,-23.2261443289167,1.3355415749105526,8.410570722159434,0.6012460699131719
324.8080031599355,-48.18524659683981,-2.190888782458018,8.846236373661103,0.6002426943413376
244.87179024671076,25.994814145270304,-1.0669952782159386,8.220196139345676,0.7215566562110458
119.60788841289032,3.53025997585998,-0.07677182046582712,8.357225739584624,0.4
312.494941701795,-100.86680632385051,-2.49463280234962,6.476630376420329,0.7756425677939746
156.40740539424078,-147.68792019551339,-2.4328308953329656,7.033518416247617,0.606259782919942
107.91379207628907,-96.49093614069584,2.3154097709913493,4.310103694714409,0.5155218165471542
78.58132126235238,106.56426171402167,-2.5959533910404593,7.766996033719894,0.5711943731504585
132.26101692904388,164.12783493198822,3.761595596712203,8.786001830886422,0.6771227185562657
177.46191433919452,-100.52536050193241,3.72034340147718,7.0017819199203615,0.6256008011635
237.66347941708918,-147.12568762000225,1.238141229560411,8.300971625349275,0.6212289854791155
41.99363973149415,14.041727735881192,0.2872356051415455,7.240969187402097,0.4553919930080601
118.20970516820759,136.22123079952672,-1.8917672973982957,7.043976748155841,0.6989632851845526
183.9628293262918,-184.63800472538014,5.565486258732032,8.973470268296895,0.7275774268700599
53.2721117011573,-18.942952862877355,-0.1350989793668933,8.495723512744258,0.5282090499853255
210.5874918675112,29.17900454937379,-0.503946880656513,7.633725111245083,0.5482637662616592
366.69844345253074,44.47992862575085,4.187555246114718,5.7111910521274405,1.0
147.67927252185967,91.67169260215599,3.7990581556648704,6.420030965853749,0.7694003724833587
126.01949922726327,-66.77752011567537,-2.9784428331527364,8.18423935485358,0.7617532029980529
109.98195876401704,-139.7874700086305,2.8782069099145446,7.817731084594824,0.793552861318702
314.8777462639361,-92.96562599262919,6.021145368022324,7.4005262216134895,0.6198119805026363
253.23080345812897,11.861152769378167,0.8906935117862107,5.963266999347298,1.0
245.27370383020775,172.75266358886333,1.8241525058429648,7.339950149720706,0.5221898468973039
97.26240440913732,-41.855012912875246,0.9352446826746573,6.528376912167037,0.537995680160142
221.28520364948477,29.774362002031296,0.5517365114392007,8.230699164984427,0.649316790409198
69.15889581511128,96.1636587032725,0.019350325704452626,8.965581572654255,0.6525040369815489
101.37337470721872,144.48849052626102,3.0587425377774817,7.738121668452467,0.8235580371319313
126.60087620012625,-131.86345401211224,-0.29604282775497137,8.665367386144332,0.47367096583867496
283.2361935397486,91.38051572613126,2.1270671687424834,2.7871947010940494,0.6781542376778591
148.4475181877376,-129.48811973320417,-1.105120744848146,6.377288700693428,0.7035168009331159
132.05587724971818,-77.16650372751369,0.5277179919138187,8.722935604803823,0.8699894160017204
201.41984569182966,145.4980376842142,3.552012320150737,7.0764045189247105,0.6677410068105946
78.83281520561803,-113.45708337022323,-2.5670761342607613,8.284494447025914,0.7218921047086069
191.3068548417307,-79.16595681005873,0.013149634508793858,5.62141318228591,0.45162925878250226
206.63437348223366,58.217415745806576,0.6860025398567751,8.773953299275512,0.6114415742860119
184.26597189179935,244.69921814810007,-0.5353881574282287,7.344157891081344,0.7410655011782006
203.24465468822208,140.26745248674573,0.9770432661360982,7.262482100727738,0.9377376795856752
197.74963109395375,9.856244042387965,2.428570687069214,5.458638544003453,0.5528655477155331
221.7288375442292,18.743744164401853,4.236538207577495,8.290271157659777,0.6256695854962634
129.19283297894222,39.39550879590473,1.9524839530532505,8.536230079311586,0.42156374235374694
194.57076051184438,-80.4180642320196,-1.4985656533064562,7.976419057486954,0.5938115231423463
220.37151878022175,-160.34632966050907,-5.030375224744386,9.106344651150934,0.7090678632181118
198.4250186870171,-146.39891877101712,2.5354569083418754,7.003020475313666,0.8865169338827965
219.13908041027716,26.0286459558003,-0.48520783759634645,3.46502346745288,0.4607682414099459
248.85575964081647,-115.76154524422678,1.9637811133215608,6.4769584626845065,0.65849872343142
175.72203485888886,-16.74474702749805,3.8488325550154543,8.45642495344782,0.6338241090234551
257.27568290575533,174.51329063365603,-0.8418892981410634,7.722536590710559,0.6282236903506362
153.28796111723966,102.39123762330402,1.9385392664899908,7.675725526189394,0.6469177234713626
90.11364237926944,131.41607422568916,1.330185043249958,8.615779225183472,0.5796261120112203
212.38875203949792,56.431441801151855,-0.9838614474968622,7.338803832692006,0.6972313765311675
193.86882538679535,161.07117634309552,0.3964777366654146,6.600070587323629,0.48169323898993566
116.8050523493067,138.550555164119,-1.0058873645368542,9.250142687017723,0.6422258702156527
132.41502503329684,-112.42210211706069,-3.105640193671209,8.81312008107539,0.6105455719575801
335.4786513742453,-179.37533130773588,-5.998824081228688,5.677452136832141,0.7509652264714641
149.56339077828358,-97.69460396813484,-1.5423989145915544,7.241495009223341,0.7756425677939746
181.55346471013175,-165.51955379920565,-0.5283576996732279,5.92736373266354,0.5287804360798366
160.22588171585244,-134.35050236381431,-0.6475669605422589,8.424013411119478,0.6976959618807752
241.71362854029047,-61.60553479516724,-3.815856455359146,10.024968827881711,0.4
119.13773580489858,61.14695387940306,-1.347716050342058,8.516781030287225,0.678736914176411
140.01618643073184,108.33817524643135,2.9241959011104988,7.060963010717878,0.5323562632636264
203.89505368986758,193.45850518579576,4.8421020314986,7.84937670798187,0.6495147405015655
120.13571255076072,-125.63411201596766,-0.5910734982151843,5.25352270394309,0.4336922389518172
185.63864545073892,-64.54030980334775,0.9018457200310684,6.996284044037443,0.563249409561574
277.93644827223534,234.9637859037161,4.184606983662381,7.390611486791078,1.0
378.3375147566297,2.475152417930368,1.8223743537108954,6.089568331507612,1.0
265.8772251940168,171.53960327355833,-5.513368469485458,3.417102298623246,0.9116864641632562
128.8154059673771,130.27631348860135,-2.0595458915717693,8.512929260322972,0.636833230028309
189.65289908996468,148.70577775654667,-3.0016543092470593,7.866206718764544,0.893826786706865
161.93266517947123,120.79982113971819,-1.155880826623732,8.401353592018772,0.6892947652880173
165.16931929761935,34.149157081261556,-3.0409099625602245,2.8806147202393317,0.5459200779035488
167.89867785476395,104.81820745313381,-1.849583989443813,7.492415689808491,0.6409475159635313
119.19131526765966,29.372674335385202,-0.8330469091006268,6.99163866826691,0.6362914578775493
145.98109277746855,141.31352069221788,-1.4566472003309228,6.308459380541391,0.7980179371150502
120.60800854279194,-40.950116560169974,-2.2379296348011484,8.511757913514757,0.4
275.04047096119996,15.01332713382919,-4.698876654474457,7.801091071916864,0.5965579140312931
143.20962459771664,20.401544687415157,-2.6613524660375503,8.334415486863508,0.5809001410916252
329.57665112571596,-55.96579248663622,6.608381352564422,8.680293160968706,0.6882184439100714
175.31885046292908,87.10889167528639,-3.6030075576291263,9.726413884728549,0.5352092239851658
167.16932311606195,98.2200358811952,-3.494046424191628,6.927458933480997,0.49837226120711514
220.63670624802322,-116.87364618707149,-5.006753734980422,6.59241636226516,0.924429535217103
148.0731606503179,-12.168600163884504,-2.867797949065653,8.083406977004262,0.7688909275489216
134.0506704820992,79.69835375547243,-1.453186831495031,7.885086263350456,0.6246076564869792
91.69637369594207,27.803678192655816,-0.45047749486559074,3.337854771567436,0.47701228572036214
149.8818479849112,15.193230669848075,-0.1410192921485749,2.4943074388541993,0.5837366424572517
302.7500582682556,-63.44583759124975,1.4411144689430122,4.21745616878384,0.5629147605398211
245.52680923450944,38.76047072609091,1.1210513871649848,7.806318981570322,0.7669225889348078
349.130167740046,108.10996584181306,-6.31291212431737,7.2630421089912005,0.8058004172880875
116.55998742127481,-16.319266523873623,1.7592533856824242,5.093214153181532,0.4714571386906312
179.4959708553786,67.39180072885675,3.382194732291166,7.429466334634983,0.6143918932601735
181.15443101770092,-22.428651384654962,-2.128431281168157,6.225943922152161,0.7094719016575399
188.99803286073202,-139.1404107597154,-3.6287833210795415,5.44799602702979,0.7497720875198718
239.378210826335,-58.57831838124009,-3.756820092683065,7.79828900838094,0.8969490828782504
264.25689411848447,-115.62833934870561,1.3354962795327145,6.22779997535034,1.0
178.91796562903323,-109.15991347623853,2.1528736674961846,5.908907234017615,0.918653802001059
178.85069435710992,69.6568068647957,-4.083966868157267,6.349107513894513,0.7675460614273536
102.51457421088391,49.864083711007254,-2.2126070647169382,7.201719532186201,0.739379808217709
104.39278993378393,45.52399148080152,-0.8023150857195919,8.706991938286292,0.5131077278342069
135.13743826911605,-145.76829381172686,-3.3041333627630247,6.857462222649394,0.7153493736486193
188.2210578612343,-115.00177507874866,1.7209027673864012,8.102365464977703,0.6621061325556569
171.22115597178805,-63.255772255175316,-3.7185916804662065,8.07685378949577,0.6391179444084636
132.5193408941301,-87.70584977951235,-3.3779732738666612,6.93953351667126,0.8963253363657573
66.83460144362057,41.13754620127115,-1.2322509527993548,8.241073299074108,0.43567723279932513
138.56733803151542,3.6081676201124724,2.668999304031268,8.464559848253144,0.6980386028074519
103.86820857151478,147.93424756630583,3.446410471090675,7.809970157325436,0.5464415208417308
177.1737718585124,-11.855411813676605,-0.09314588527469311,6.397772814649109,0.7370331217777362
168.21856592599377,28.75873122615628,-0.5339064185779357,9.516347090753568,0.4040009507065004
209.4963918621695,103.8189367010715,-0.07924008594823802,8.662870412251806,0.7028997538526912
70.70211247389074,10.744391072589769,-1.5199513836160257,5.229364883352255,0.834333476720149
154.3954714343157,8.07585433321954,2.693673581565218,7.1949579902386915,0.8367034091494014
73.12155275652154,52.61793296095724,1.6129641631007987,7.851811544137151,0.5296795997333709
176.56803674699503,-2.0293753398568493,0.32624383792978817,9.654184438299332,0.8805752750295495
73.33889652024101,107.882131636498,0.23330400489397823,6.278065908683268,1.0
131.447104395811,125.93649570101829,-0.4683978054752262,7.141063352360707,0.5173251239613672
192.70661102319556,168.77372509343718,1.6311609484376928,7.355551083613982,0.5804450169807451
98.97519111473856,-96.2918990898843,-2.4806881030304258,8.15236623296597,0.763755252687693
136.83476325681406,-102.01252652406421,-2.860418960352615,8.791659002324812,0.4902939264806611
203.21946349697907,75.35299675736597,-0.05599718184432259,8.537919500979221,0.7988355057726204
243.90246935856004,28.396400561024358,0.17993325014488443,7.557886810462375,0.49694720986918817
114.63416140185367,86.81220832160221,-2.615707556379972,8.548818371833095,0.5157066585466781
196.7383611721885,-151.94398549955483,-4.35280527850649,8.913828006934203,0.5694056821988438
91.85812767434726,-112.61807549932921,0.24970180355923685,8.325703049133992,0.5472283841676099
116.89249365771732,69.23039717139368,-2.58291191711933,6.990682814614451,0.4879263731827206
58.6605887847463,3.0334784001048294,-0.34775310637632534,8.726881988535238,0.6597158796482159
22.25130532784703,28.958392551826158,0.03622183409264808,6.4459797319656635,0.4879031454350275
245.83225298999253,-128.66403096467036,3.5736012349811244,7.766432746434008,1.0
147.78602501323468,-142.25145086542707,-3.2152818645592474,6.521166405461524,0.5980762044049043
278.75118527925736,31.092486226810244,-4.110243988470516,9.210832045163764,0.5259653555413163
193.64582590882247,44.27496367467005,-3.28490482307535,8.682883680768127,0.7686893588420813
134.24223825069197,87.00190064110635,-2.547715502074177,7.2586747532450735,0.5602767443718908
196.7267716352557,75.45086966076741,4.6158519694462194,8.780634490161985,0.622152190033429
50.8904134405897,50.84136196997233,1.4574748313771957,6.147738624032129,0.4
210.71315036378837,110.15741430013941,4.8646416594606965,8.266053730514203,0.842214107139624
104.80020642885522,-94.9043789767492,-1.098946544146477,8.81708062537308,0.5248774925928266
154.4818861455272,13.33333509551746,-1.0828795644132037,6.626179148965099,0.6636439394478111
339.7575100885275,146.79769516834543,3.3893851515699045,6.564745661643619,1.0
63.30330329808241,-69.35575857434092,-1.2484566987787904,5.826896927810667,0.7384869088182052
112.64695072498058,37.18186806099449,-1.1180697020294748,1.77971237458356,0.4
153.34507862545277,9.187279128897016,1.7486176144121297,7.656877269660307,0.6463850737194587
250.49795153333105,39.25262114210333,1.637562542143466,7.9442446895892,0.6704668740107056
105.09078551841681,21.412354413418093,-0.019431836923596946,7.661657684550396,0.48118199419266744
119.7047847044253,-49.636505458709365,2.394565663059637,4.9328534716305805,0.7413930775065511
254.20747283813338,80.47333292616102,2.196802450129409,8.582384269601668,0.64692755782924
140.86513173118476,158.76358313889935,2.333866160206453,7.222737000359176,0.5240534096972159
186.29939188366103,206.60977872052803,-3.362189886449876,8.992010706550152,0.7450111311069019
140.10188728299494,201.4302993896398,4.296005998956755,8.772508818621128,0.7986002253677823
124.72423952622682,-47.91815763864029,1.4207896124387376,8.553901782549227,0.48575091786365243
166.85674866199454,-57.711116271178035,1.2984932354645815,3.9459437768684245,0.6523364804377976
111.06961177611079,24.19258043299181,1.1843951609398107,6.436379781830511,0.48808903332538656
310.50390963929345,-78.79163749518445,4.748090094016762,7.115384650906682,0.6063178970237033
96.0467949615439,-58.97928789440607,0.029615602491048883,8.519563474032184,0.6462868787341276
103.9765043320069,20.633067192615634,-1.8448536855696165,8.365114575824585,0.5742026956608676
390.78530707146416,21.009221271573253,-0.5281085338849543,7.638260704273967,0.8745931103413545
149.03424267118461,45.15315953891018,2.8371103397963275,7.4083007576650255,0.5330378890444074
182.19907351867752,40.550516531757374,2.200481298083966,5.276367360753043,0.48186843778437666
187.85474449226678,58.210892750828144,4.112303113433321,6.853518260972027,0.6213796274397949
166.6229014491813,95.15473479494328,-3.439950400867242,7.6395420689912115,0.5184439728528903
172.57872143991895,81.45096345938457,-1.493672554765945,8.589633137237755,0.6509151248126717
120.99603013329842,128.1330106897439,2.440238423579048,8.037225069932402,0.5897580529260068
80.98685152710306,99.58793149980932,1.4935458868934814,5.744664871869758,0.7181642886674002
72.61687562555325,98.80220096295064,0.7608280092435865,8.374170661018416,0.5915087275504888
84.03101252162377,95.42302082885142,0.5987741538346432,7.766821480929273,0.6170544711436841
146.2718471105869,155.12480693115256,-2.806050147400762,6.6488715313989895,0.4341628283124213
215.04807333458834,39.270698894831746,1.5717707825845713,6.115787255630134,0.657006685999276
264.37256875514777,46.98912446383384,-4.862167410426563,7.63074314680317,0.6561701146617303
198.96296413880478,47.80036607609379,3.81831168085098,6.5767464013878465,0.8071796860729916
196.55395007872974,180.83791944211157,-2.5693579541514624,7.859740349231204,0.7682993687605004
192.0040362940016,-102.24798111264417,-4.062672174822612,8.735768867114418,0.46066485682641156
145.9429263815995,-192.85249297344083,0.02632686839833535,8.97768994657714,0.8272242110092185
251.2672193560525,-151.6687289804158,-1.905551506143182,8.036142321433502,0.5808821849472231
291.69951239071133,-199.52061377433031,6.073775607952141,8.134617719627661,0.6928433611133076
183.83520490125713,25.747108122632447,0.44806498889611535,7.230830356441596,0.5058053448655718
283.94423424310185,-28.82312266179919,-3.896708883327764,9.031256011949186,0.6908858405724303
166.2819366359209,101.73812585634305,-1.1291128581691607,8.845362447281557,0.5536012370097805
64.89326666088674,39.4037668646451,0.23129841275305438,8.872309016683484,0.7853679410186033
147.41514958223192,70.81854618510657,2.9414435021111274,6.408612990893579,0.4923009386175671
230.0841049010512,-114.89657353044169,-4.131121257705674,7.991818236586671,0.5576979551836226
195.4131268520344,-100.03661679463964,2.930469961136784,4.937801972000672,0.4666440716885647
175.55013882255992,-2.842893401258471,-1.5501988546720664,8.894146301477452,0.6370229380098491
218.0372340898522,61.94622379817313,1.3110330253845812,5.075196884520822,0.521521852766707
111.8481196391689,104.71825561287389,0.6734052115705993,8.529308970392968,0.5174732382828902
169.01576229947784,-125.02540093315504,-2.7172993633820943,4.9703307748569125,0.4192204744957867
121.55750454440631,-4.43956819023861,0.5940734136964946,6.2846343360198285,0.606339031833815
171.71399655838383,235.3430143573821,3.5765177377442465,8.237869989791122,0.6481943342441823
293.15781478654907,27.321594444846795,5.522364218947017,8.838238465880101,0.4
131.23983260040063,99.2598991000814,0.5303486216437382,7.647076123833358,0.6089519845601947
234.20051007777818,198.52154131045103,0.7740252136858096,7.6496118034193294,0.6486010490140997
196.2351368510838,30.74080649779794,-0.8067099239163994,7.444000116320224,0.7360454188423051
180.31523097209967,198.54529127191188,1.6699979730623111,5.8721264058876566,0.7088785235987625
394.44643364049404,-73.24146636902788,8.563702027156463,7.6753847925641345,0.787198827396546
103.07830540122784,-89.74336520941634,1.553626885879759,7.152446665616809,0.4522441543054607
295.3963386615689,-3.5108923268997603,1.2857450791790113,2.979610816984711,0.505747758862409
238.33597246252916,168.54332960463634,2.529165104035825,8.847152599282179,0.5780010194893251
85.40618368633103,-28.589310767293657,-1.0198029161512252,7.8119224971640655,0.9114780882312133
184.38667936039718,-90.87947110820964,-1.224379654423844,7.559479437471867,0.6784008195238758
103.8149515273059,-102.39854130208344,-0.683358316429121,8.697211166062342,0.5772577271889787
104.77450172296152,-53.54547959727311,1.189244887791964,8.357649119812036,0.8480639058244942
50.09805762052576,22.671459117683057,-0.2994396862584654,4.38489067012775,0.6304394413709902
147.8716748088923,92.0795168389767,-0.9850725424108272,7.5136706405622125,0.5444728770033997
201.12042827511547,139.81548187037237,-1.645253715905529,5.503854537058119,0.7406551224899682
224.18533775260588,-11.340416519493559,-4.643241315549454,7.798392578139254,0.7275536730367712
241.90023263232248,42.125283628906296,4.390254162626101,8.336755950037547,0.487488925802175
242.68323752835911,-146.51450904102234,4.032984406395504,8.312281823281888,0.802889590988477
168.89882579285774,-63.79431981319712,2.320561433236765,6.5145132335444735,0.5374584663509552
103.86504536739503,-2.563444025087588,-1.6640930139924381,8.478633678110352,0.4934102355727166
126.75962618287132,-27.00072624043807,-1.3076897444143554,7.6182053928542475,0.4005768690686766
237.0664836797483,55.62615443301363,2.6839632475376614,7.135978660946328,0.9663357827892582
322.2723367422268,-77.0478497490287,1.9024772681596993,6.053718453142644,0.812428565475229
242.3133589684613,-23.783080464159102,1.0543002688800207,7.415299558499709,0.5559217437225871
289.63867974475977,122.99336272412002,-2.360152860631025,8.47841253659042,0.7538064855389002
173.3031710855402,-133.30774349893554,1.6967365493788655,7.712825115830507,0.7669740866190385
222.83893147426824,-134.195263717979,2.6947012948441262,9.073429555798713,0.7906505946038491
277.3528082768988,-53.30936978673556,-0.4855243133863033,5.542805476690911,0.9232737259326534
285.2011941683043,-94.2906355902937,3.965221929684099,6.630968898956658,0.5057840615185789
101.67796054775373,-112.75377366757958,-3.104587342896597,8.08103716201549,0.8584280769443681
258.98005587505554,48.94307107315939,1.746812205362288,4.81100858391333,0.8033722713918553
192.55030396336124,92.90276983887814,-3.5282006577871687,8.15485209260729,0.5196126038204507
109.83500852277109,-120.21382037783376,1.3318757332173778,5.7117247164511475,0.5343182467149685
75.53735026235462,98.81632332265579,2.1915657267599693,8.258162244987208,0.5074106112685858
159.96346580512505,-110.90571465042147,0.4843196174880315,7.658425456507901,0.52029562682214
190.17170741826726,-77.98340729413977,0.03852813603083135,6.837574826430584,0.8370812757635182
106.14193981549141,10.563249277855943,-0.8917829884427424,7.3143216086164635,0.5767771266988103
179.74889503480745,53.989242208763564,3.78085433324656,6.677682581146401,0.40529744361956105
147.13243826455357,72.14562130934503,0.6571424624174109,5.3369519208029,0.7903111389421329
194.40726123516376,215.47028600600072,0.4655400466994914,7.33122052966095,0.8428707431581246
63.1735579534302,-69.61956135921737,0.3136106738675917,8.945070007231433,0.8042007196718487
199.6364662483354,109.81311470611323,2.5574953410029435,6.347839826936731,0.7438078448008596
94.77852067359835,50.69500650216725,2.334188224953237,7.471867269770295,0.5230054651042042
219.6841557531346,-219.59545000288782,4.486930917861692,8.916169508343206,0.7635071188784306
130.2574360562322,-65.13827754139962,1.0073484978784293,8.444821636584695,0.5495753774962033
87.28200033603068,-9.790558109048565,-1.3649136435998117,7.0293764130758145,0.6621776714212247
147.15427689643678,18.98877829409404,2.153413565610572,6.268754862716248,0.9417191228491356
273.9611690689468,84.2381767803681,-0.481471801247981,8.046258241077423,0.8344034706448673
120.2748556118215,24.71986079695417,-2.276771779230075,5.4557031707491435,0.7242281922348572
183.61269847395232,-32.842991758533834,-2.935532568777089,7.622408379963456,0.6125979549359313
111.67297299003438,64.3785680358643,2.737148373515392,4.816311869076102,0.6243259826545648
124.5923744041736,148.96018786768266,-3.0018445587528464,7.892668561904622,0.4751826639565817
122.30056906573242,83.34294562141626,0.7240313140074571,8.279677636272034,1.0
210.256825640599,25.098119694174443,4.141951153218561,4.404018324568768,0.506271533743588
136.5358394526423,116.69804695518502,-1.695518153169253,7.805859539028685,0.5254512773647542
263.31402990424675,9.169973313089464,2.9348500852151065,8.636422677713332,0.9993881141349477
141.35040945667402,130.13203179279566,2.708975435365407,7.947674020496846,0.7418628283298359
289.72930571188283,175.60934703558442,-1.9304521351244446,9.456274160326974,0.7175362232193276
81.0430615841211,84.93548507523917,1.758875807492265,7.346125390861926,0.5132379508601351
86.6881384529686,113.81219874327626,-3.0919360892377488,8.49451243994451,0.6575579686000135
145.4313882716749,67.50796541628311,-2.123301845536213,9.072932541191582,0.46560987283468763
277.8067676238746,-78.60377180087485,2.0212177147742483,6.395908960075214,0.8039354792307888
88.37916019790093,-85.58042545884473,1.2229967280766452,6.226958489000885,0.49194849000165247
251.5044099614589,80.28922343459081,4.644875693576944,8.110650388155193,0.6183039397834844
71.41120327762778,103.89244687056001,-1.7221874721378787,6.076053280381373,0.4401162756817746
166.1809017155036,50.59210293000638,-3.151924196703141,7.606840292707182,0.6590155628327139
154.06003964771256,57.31494139713199,-2.803868111832647,8.0999335342584,0.560603903090651
222.94270963904233,-112.1639719851571,4.5764295378119515,9.310653345183542,0.5619883029071229
142.59058751383472,72.53636914544795,1.7887435967018614,6.746367872662866,0.5386743273014738
143.136769539991,198.14422522284718,4.604521309878408,8.690524479029445,0.7257968578904404
223.47372436510798,-108.66131645671031,3.071306608337479,8.250531256865587,0.6696894787288257
206.91004622205224,-97.93189160615734,2.5538752569462715,8.542976757409335,0.751431810240363
80.60068058500421,27.835577375356266,1.1786947928450133,7.263878731203586,0.6457805876948662
60.719762913481034,16.10004682092602,0.0028451085111259895,8.849294436329691,0.5114785049400706
237.77627212339414,142.96086449127768,-1.7714793276114034,5.9585892171055805,0.5895166107114871
274.1539349959169,-26.4061636028277,3.0867539641601773,8.42033730974765,0.5661142791469689
322.95933884063874,70.04876741429867,-5.22453245324599,7.762743752340619,0.672742859815896
283.34215627121785,225.18304327612674,1.7732457468694285,7.855653326202724,0.6860024190392457
307.9145700553246,121.4668121121982,3.9104990659156216,8.595921804805887,0.4549251249636082
160.48638980834534,-0.32365782682304733,2.064929029038705,7.151558017758619,0.5454388022984135
183.37895284150923,237.6242991873462,-5.735520070062343,7.782568677939523,0.623013138161172
75.34523112776799,88.65864826669731,0.2504672139565589,8.860416914771523,0.5957372771174905
186.4554680352965,-113.50066777303608,1.5751046991940119,7.349759232765847,0.5366067044464584
119.47634663228104,6.785477831766264,0.5184457518742552,7.773617477161505,0.5615307353655087
154.42235646791855,9.710806890260427,0.899417831247722,9.589558641755708,0.6571499865155852
158.94533530899605,-80.34910453661787,-0.10855263455291121,7.506050079491956,0.6171016790405003
238.25610703629027,76.93610138365707,-0.025764227835623415,9.100463649657295,0.6206325440335407
231.94878383619624,97.8012689864314,-2.775078657122389,7.167307424525889,0.5839738668839901
126.855257861763,26.118456770983812,1.8949059944686724,8.282918175741818,0.40661299604518925
261.65104446650207,-164.8585196505239,-4.55011299050719,7.944145442028874,0.8984641220398464
228.8132084386948,158.79592878372506,-1.326290203738735,7.208976248337996,0.8358285276478383
125.7758734794136,-136.76801274765162,-0.5444626238367745,8.361278035186743,0.6839443007761652
40.43348886736402,52.79614874480905,-1.1312628910857871,6.889252247135616,0.4385474926406818
257.8669743343116,8.133516210837623,1.5714521041109315,8.018664164745065,0.5185848271780037
183.74453741953326,-235.72350171701882,1.2767563386750898,7.9034121970508355,0.9273329408199005
264.91408236672,-54.065949531213626,5.932593453708409,4.253293538874752,0.6841145333628424
258.14414632224657,-106.23515133909903,-2.449069112390152,5.1314934031661,0.5978957121759182
292.3773254095843,16.68201098152062,-3.1696996625068596,8.16234400277496,0.5240265219695969
169.69083864445741,84.59594151253332,3.958340529661719,6.724426360859357,0.47869902224552635
172.505382266888,-202.10051574023007,5.0648027096678705,7.334726733545636,1.0
85.81835753799406,89.14300888209516,-2.295882603209894,7.605093225922504,0.5754792714996286
179.2678901966031,-34.39565473794058,-2.1130498354358345,8.433140786112004,0.7895710155458645
52.334499406157065,20.828195853359794,-1.2173862990159106,8.707371809787928,0.6199583731599183
258.53263344008565,176.19943871423084,2.9205553109545117,8.331798557635986,0.7452205955604869
246.25416182575233,-186.8156523316108,-5.702835032760189,6.527603634100765,0.8886515437629292
170.2522585622962,-106.10214989925412,0.9350621333664932,4.644841667056369,0.6220527684523668
326.30896552440817,-5.870464086603121,4.995665100715195,8.545796802511639,0.7091751149374566
207.45341514592005,41.64800357372857,3.9725612162975446,7.551908921420539,0.6026599313740457
143.9361759636005,-107.54560493480176,-2.194586107440322,7.489061631168758,0.6052979113923137
292.44937857530874,-76.92803870821227,-1.0944548522205342,6.810338314603778,0.5523503182897587
107.58645697797665,-18.934642844419116,-0.10571319818172792,4.329221966895744,0.7616945893651028
85.20621145689172,1.0495244225436213,1.1173305911590095,6.818265449568553,0.7424629138068919
171.710598545332,-106.96742359222988,1.6663544773824064,8.333415196926019,0.6040761280272753
108.64646226840298,-64.77017090403247,0.7009262606790487,9.08313125416194,0.47539336939732657
213.95641923008057,16.186638854920513,-0.9634795391599557,7.213648278982741,0.7699336355970552
319.343950854486,26.554943750253972,-1.5743300379783143,8.281085005885112,0.9942055697956128
134.15612886813528,172.27104007985466,-1.2427135315060536,8.074613038841257,0.5740572661309695
183.13323270036506,50.908984245475445,-2.9162310964450247,8.786767857230535,0.6374659601275754
83.44155085833994,39.73428968771168,-1.4137585961105124,8.266524816637114,0.6116167570540345
244.5764501858072,-290.6475139233421,-0.04758875952189464,8.993276667191095,0.78179142043811
178.32157683137663,113.4282102255366,-0.22795043960671138,7.566137614771662,0.4279787086974618
200.42029158642455,162.97478915790316,2.3051506132052793,7.7614430847441715,0.5118450660401561
183.0748007555857,-7.926228057760869,-2.947055662684285,6.551766160774784,0.4
193.38976921747684,-89.10874252761491,-2.7805875563053797,8.367539529823269,0.6088952043909244
115.44450521658285,15.652784727097364,-1.4617269189288726,7.426676830039447,0.6943018687151488
117.96896079964561,-82.59663426001033,-0.01991908053367722,8.504777320044136,0.5674989093136351
233.90494252590076,-95.05233863090461,-2.175059252273877,8.504730967029943,0.5456902444713325
232.9703120184793,-104.63084492176172,1.1278780832391317,6.972052642682829,0.6050609305814989
185.85381332530304,-111.88694027225543,4.471360973590737,5.358599492657368,0.8973016237771698
-580.4551105075635,-95.38566469640038,1120.9276432745685,7.814799647130773,0.5383510915608983
-430.7358679406263,-71.08257642300279,827.6997393224812,7.525405164248988,0.612603333957167
18.292306206374505,-13.413690820829453,-44.01813027850489,3.450758790637051,0.65714393052127
-5.6025883690048435,-28.55845202351796,8.522408496893034,8.043530826407688,0.65058937635762
28.02526166516526,-21.83690534539425,-65.57256678318542,6.474065980370464,0.6068731117849082
-21.50484082733158,-8.272620885179478,-10.200233756205055,7.597811144200707,0.4231276677935136
5.956447642016709,-6.736001031702303,-11.26161367605989,7.235118835664199,0.7969043209037626
11.07132802764589,11.592320193018105,-13.242019190697741,8.34884921568494,0.8020301015521174
-6.9926666253421805,14.669896665532946,-31.24426778289757,6.828997118608205,0.6525539187696405
5.63012573062236,20.812465122239036,-35.64335322038272,7.438838129341837,0.5037146080217655
29.54228933893849,-5.847104094077649,-29.846683472832648,4.753590738657595,0.6499188697571228
14.64208019052371,5.472250723812294,-10.627773224434593,4.1027475105271165,0.6452965022935795
43.817595601078864,60.65836883302712,-24.82591803452103,6.097972039965938,0.777084985796394
30.77377123473565,39.92434949819109,-38.361573822491245,7.223437194995173,0.6243667378129392
-26.713398650605583,-5.049414958321089,4.970061379148868,8.358398036113057,0.7583041256774645
-35.101595377833206,19.54232087872304,-28.61697610866501,6.292658365968705,0.4887419942787013
-53.90967403887548,20.99962383642506,-39.676268130342635,6.864515583459857,0.5454315384594337
-18.114980297005086,-9.716920680350315,-12.209390743640647,3.742609578599458,0.4362763889812419
-40.977890885561486,-17.212812789510263,-29.101604946193074,6.479089876433176,0.7275703005937268
-24.719603832222983,-3.3799514741298173,0.26365775254014023,5.120157799437849,0.4920525134340541
-13.554263631960541,-1.8665959654571513,7.626182065558816,7.734987275937616,0.6905378382516916
45.88291509723399,-15.448216400314953,-7.452715493634298,8.36453754011558,0.6366570210084972
16.761231085161203,14.804829446848155,1.2622830742600943,5.880262029824884,0.4721384565107618
33.73935634193175,5.388995613214246,6.8859186687694605,7.417624111273747,0.5865582426894635
-0.6523665729587991,9.204221156642136,14.237341281085708,8.449078870885915,0.4
-17.71398878728743,-9.31827641329451,23.305882667886543,8.260251935563478,0.4832601994362513
27.24783495481704,-2.355505518884895,13.459547095855541,7.008817627231805,0.6221024758433371
-2.6530382502985552,6.674560467575168,7.727491870402423,8.412673986910535,0.4294613846703318
-0.7862794432446166,3.7283413816029434,13.737349496149466,4.745679395918423,0.5314205826913296
-20.13557525175204,-4.352300467063736,18.49976848302236,7.3118524400848965,0.5139068754922022
1.6958021269948045,-34.67887606889895,41.17522810797808,4.9837169568452335,0.8253034736938178
14.378707394207904,4.0855629677964975,9.426586492889184,5.74832420267626,0.7287928509196612
1.655566105446214,-16.71701539041304,4.722604928129308,7.221570746064539,0.5695851922461908
-8.705555897532683,11.5841286687859,5.704348209913778,8.844277527994672,0.7342326960182654
-4.705993281431076,-8.781255423745371,1.395270732893107,7.710595794423609,0.5019408555637224
-5.319477138725566,44.21117171805013,-32.16349202570609,7.77923836821079,0.6034380321621178
-37.606480465853494,9.794673667212637,-4.159072459598523,9.717524643189849,0.6581950119755746
-77.08116020204528,6.82145613649061,-12.062958471476366,8.191873408869409,0.669747784498917
-12.365191300891942,-22.012113774793345,19.27486931882806,4.9593868200038616,0.5803586323910104
12.894224272235233,5.436702950907594,3.56298209943474,7.435132728955561,0.5003917028609852
9.889414895752097,7.866020154689236,4.844304794880197,8.501175729448873,0.5302238356040863
16.267830513241027,12.67014653687627,16.925938855098888,9.474730401110808,0.5792328687426096
-17.6796621945382,-7.814529214541632,-13.116869971227585,8.04680910962833,0.7676234046669981
-7.928110610432386,-12.80375455788378,33.72431300071537,6.577633770248702,0.6179652263163602
-0.2114052670009215,-20.826285433415805,10.996265132260909,2.710851289646349,0.45844420709709105
14.126774066162293,4.278041436353405,9.369519995840113,3.8635112306644372,0.6151549908019959
-3.544093600083639,-9.050192888780906,39.06815186606229,8.871619740594268,0.6830490091652346
-25.553289596361992,2.457201214464789,-16.247975689177117,7.6364226153275,0.841212829873528
0.09511149414296656,-13.904728658336865,6.8573676248038105,8.131043738121544,0.6260490604274159
2.286520168902689,-6.855634383410805,-12.16646636119941,6.238235764983123,0.4
1.2756514597514252,-6.228653946938816,-14.121747496769569,6.708348117922995,0.4201578004568569
-11.731430541732257,-2.467005914815465,-9.910314589395087,7.666231937561489,0.5115976431187813
25.19663013160695,11.509453583493372,24.641792410869957,9.437956039141271,0.633206948677066
11.951199076396469,4.670449704106553,8.663028581145927,6.159018888475925,0.5672205474591789
3.6038694924647823,12.779595291878817,-1.105913584811405,6.145234128302169,0.5035569978172634
-10.708655926568577,7.641910128467585,6.273477730477106,8.351461953405547,0.6941738884813491
-14.286922116017653,0.1611205739992335,6.724104223722285,8.554763897361191,0.636634043277002
-12.535906728864841,6.1341458554517745,20.434965454075158,6.350211422148468,0.4053635743035178
-9.832389185850511,-20.272764839409053,16.195389240891675,8.122164054517595,0.44883138637018927
9.969579113441291,-1.3788836288872508,4.153879661090567,7.03348013884404,0.49525359959567716
9.104244128831535,-10.172723088774946,0.07448356692351282,5.5359456678848105,0.7559481855352561
-24.42491981861276,25.72587586896731,-4.474665085659835,6.087393724064521,0.5692923608323284
-6.477102207035429,9.25197203498872,21.994858159656395,4.704930084264401,0.6565287178290664
24.887792864312562,17.15833032400678,23.167495825732708,8.09060257855394,0.7505663611320538
15.36108218940458,5.687610847952035,13.98938589833792,8.622687797695207,0.6304865286736443
-2.0432005517626712,12.458429543332635,14.967579156934276,6.068657081373087,0.669042423966392
-10.003788458320274,28.263606472462637,5.121115274131812,5.643492780621346,0.6431947452426923
-2.0518118264421417,-29.58132030025961,25.668375845041705,9.218669409883216,0.6848609120995681
25.12587144608169,23.047978629469785,7.775095251537518,4.042644228352517,0.7460741705049545
-2.1574703073306276,-13.160641066673465,25.256159042640956,3.9188151523850627,0.6257142092547131
-16.867110542134196,11.07699552098169,5.802995880368777,7.547129061498228,0.4440711049036177
-29.652767070809755,4.477534815380593,12.624837861190738,7.951567433316583,0.4734249400872306
9.428282197346244,-11.970117880338911,2.6671583638761724,5.754975974895503,0.5105810124048814
13.190226727098164,-8.473654930906994,0.12155245641618206,7.578143626122765,0.8694631767496428
-16.70425495417339,20.194424039380824,8.32755096914162,4.563437007692129,0.42213997493145955
-44.903983376863955,-9.219911842612376,9.701043165803444,9.011465867899966,0.46792606774191003
-29.29936597415758,12.577589341189448,9.154197336565032,6.048463650689181,0.4
-1.7440188775133447,8.62508808905197,-5.335816208507465,7.30053856121425,0.5366616236476626
-56.68467341346168,-55.088548149102785,12.984231661256462,7.724497336722548,0.6347393730387819
-9.406070870538949,-4.896777056566646,-6.265452436710466,5.731777587537972,0.7532900428374869
-23.522068645716267,-1.7775425532705247,6.929936875435749,7.94896235978277,0.6260732559472076
-13.864243607123141,-3.053568832677766,-2.784341140457486,5.761655112926393,0.4
3.149838058529888,14.759405870543674,1.3719236690128365,5.5589286838354015,0.8593037436358434
19.611429075821274,21.182606543604194,-3.5615201281038154,9.108615551443936,0.6102622531924917
24.508039049171668,18.42133762859681,16.423407165917787,8.581838649078565,0.7415593953399837
39.21146685822328,21.91436039784414,-0.16755649750916796,8.353558231150656,0.6177359565140059
32.272841510371265,-0.20554466540726501,-10.929726814380126,5.912199828454804,0.8090278385053091
70.70617112622814,24.59829540374061,1.0383293787888537,8.28942213267342,0.5921416392694498
13.856263368535329,-5.4496224933962605,1.451612944712015,6.491010489589315,0.40540817361520165
-18.933394216067565,6.847223189000626,3.2617378893760476,5.372365924541069,0.7672574171626475
28.051611149155754,18.01379261857569,23.328204140728648,5.623885949097646,0.4775483234690427
-14.444023895339567,15.86839396937349,15.664282158580095,7.981822449211615,0.6289395434914442
-6.923551729446671,25.131084620780285,6.563625387913032,6.849710999072551,0.8234550270801544
-18.89228078019445,-3.4800153838936967,13.485512999146847,6.249371144539855,0.5339107838869209
-64.6332549491785,23.69378817876192,6.244809077502408,5.335431138939845,0.8296169363755963
-63.583417755152304,-4.068797666869868,13.810181791702032,8.244569261419937,0.648741325783407
-9.083993674584049,3.41850794664238,20.829672641183297,5.957688725938537,0.4636181274259496
-16.779945660228165,2.653389439922731,-3.701447976116452,7.648408811864342,0.7882789486846081
-17.499209983110955,-0.9357897544720227,26.15735408068666,5.4517257403672765,0.8229316830079536
4.19495485169613,-1.5212792951402483,-10.255238617331567,4.883517962957477,0.7328614571637405
2.920116747468292,-16.568262041449906,14.107854092915952,5.135174005898378,0.5011791705146139
-15.176779905018472,-25.385882651351718,10.79187517192573,7.788716429635601,0.4849883182372165
-21.481134899393584,-1.8083672009830756,8.897173287087517,7.896003392099284,0.44944026642528007
19.847249773361145,3.4101030782772423,-3.1953049039707944,6.0190114033612545,0.6232162276258638
20.236101589469406,3.820267576960585,-8.979248526524776,8.57687381302176,0.4266407546410644
26.780414015718236,-10.768649124015624,17.226334990083053,8.512042575780992,0.47252055680080085
29.167261667422178,6.019191860529778,21.903130761839893,3.8248297427514943,0.5578509979412907
-3.235042656211419,-15.22073715357566,16.429707864543847,8.582238624806692,0.5645235063795679
-0.23331627458409548,6.272357317046896,13.292595578114248,4.36748263695436,0.723121026428468
35.8251480351963,9.013074946379408,-0.7910425192225927,0.7071067811865476,0.4
47.32129208967447,-38.41731034082353,-0.8973639955811941,8.545919440976778,0.641753992460046
52.372506012161985,27.78906069746272,0.272471207268005,3.1726101258786295,0.6484825445921606
59.77389854642969,-35.92472480320491,-1.3027668153294623,8.130357845863001,0.4672624201429525
-8.185111689031078,14.156999126568905,24.583897135491235,8.033243905340793,0.4
-26.673955407006392,-5.384536901038167,19.115488230918732,8.615348441260219,0.538502739037153
22.203336929509938,0.34722028956458095,9.5157000932761,5.544517368609113,0.5726177851437745
11.208017872423387,6.358160616888176,9.482727979926981,5.490990435811479,0.455513620329266
-3.006063049763396,-11.595985200976973,61.81087471602041,9.545546790431056,0.5854140951896524
-19.970117516003864,3.5893448441701388,7.711124819805787,5.658802429302979,0.592818071620083
-19.425731161367604,24.963282362070792,-0.6622284785456805,5.385093806743926,0.655048047512744
-17.468930443267038,1.0864872208065137,6.291169659715284,1.779350360853746,0.5303352911352739
2.356762647200764,-23.343721422749862,13.489864193601383,7.273615909732032,0.44120609481788375
22.735831980767497,-11.252339759645512,2.25517584143916,6.550048884064362,0.6820998267928815
-14.535223501084044,-4.116547398576811,18.40373373228391,8.213074272838229,0.6706859769018546
21.180984358528285,-0.5346714855201559,10.98697943050554,8.377481388966764,0.49755275657585907
-20.701432720217568,-0.3656782728757182,7.636333330273899,7.989796733070936,0.636603408474357
